band          wd    hour  cost_sum      conv_sum  n_days    cpa       
------------  ----  ----  ------------  --------  --------  ----------
band3         0     0     21873         8         2         2734.0    
band3         0     1     13823         1         2         13823.0   
band3         0     2     4923          0         2                   
band3         0     3     2235          0         2                   
band3         0     4     0             0         2                   
band3         0     5     8053          1         2         8053.0    
band3         0     6     9006          2         2         4503.0    
band3         0     7     6741          4         2         1685.0    
band3         0     8     17582         5         2         3516.0    
band3         0     9     24197         2         2         12099.0   
band3         0     10    19531         4         2         4883.0    
band3         0     11    18871         2         2         9436.0    
band3         0     12    28476         2         2         14238.0   
band3         0     13    26304         6         2         4384.0    
band3         0     14    41622         8         2         5203.0    
band3         0     15    33036         8         2         4130.0    
band3         0     16    38061         4         2         9515.0    
band3         0     17    30347         8         2         3793.0    
band3         0     18    39370         7         2         5624.0    
band3         0     19    29943         5         2         5989.0    
band3         0     20    37823         8         2         4728.0    
band3         0     21    34980         5         2         6996.0    
band3         0     22    30324         5         2         6065.0    
band3         1     0     24149         3         2         8050.0    
band3         1     1     7285          0         2                   
band3         1     2     9365          1         2         9365.0    
band3         1     3     6631          1         2         6631.0    
band3         1     4     0             0         2                   
band3         1     5     4651          0         2                   
band3         1     6     4230          3         2         1410.0    
band3         1     7     28013         3         2         9338.0    
band3         1     8     17120         2         2         8560.0    
band3         1     9     17295         3         2         5765.0    
band3         1     10    37959         11        2         3451.0    
band3         1     11    29253         6         2         4876.0    
band3         1     12    22036         1         2         22036.0   
band3         1     13    56888         13        2         4376.0    
band3         1     14    51645         14        2         3689.0    
band3         1     15    48263         13        2         3713.0    
band3         1     16    48928         15        2         3262.0    
band3         1     17    29825         7         2         4261.0    
band3         1     18    45430         9         2         5048.0    
band3         1     19    45673         7         2         6525.0    
band3         1     20    45134         15        2         3009.0    
band3         1     21    26407         6         2         4401.0    
band3         1     22    13165         4         2         3291.0    
band3         2     0     11694         4         1         2924.0    
band3         2     1     2619          2         1         1310.0    
band3         2     2     3619          0         1                   
band3         2     3     1162          0         1                   
band3         2     4     1089          0         1                   
band3         2     5     3019          2         2         1510.0    
band3         2     6     7290          2         1         3645.0    
band3         2     7     7026          5         1         1405.0    
band3         2     8     15608         1         1         15608.0   
band3         2     9     24060         7         2         3437.0    
band3         2     10    37758         9         2         4195.0    
band3         2     11    60339         10        2         6034.0    
band3         2     12    49120         7         2         7017.0    
band3         2     13    75451         12        2         6288.0    
band3         2     14    69360         14        2         4954.0    
band3         2     15    79293         16        2         4956.0    
band3         2     16    51606         17        2         3036.0    
band3         2     17    40322         6         2         6720.0    
band3         2     18    32082         8         2         4010.0    
band3         2     19    29499         5         2         5900.0    
band3         2     20    32193         10        2         3219.0    
band3         2     21    19949         0         2                   
band3         2     22    20285         5         2         4057.0    
band3         3     0     6766          3         2         2255.0    
band3         3     1     8266          0         2                   
band3         3     2     5806          1         2         5806.0    
band3         3     3     4782          0         2                   
band3         3     4     5029          0         2                   
band3         3     5     2759          0         2                   
band3         3     6     8993          6         2         1499.0    
band3         3     7     17433         4         2         4358.0    
band3         3     8     27106         7         2         3872.0    
band3         3     9     25417         3         2         8472.0    
band3         3     10    31053         6         2         5176.0    
band3         3     11    26314         3         2         8771.0    
band3         3     12    27283         3         2         9094.0    
band3         3     13    44394         5         2         8879.0    
band3         3     14    34861         13        2         2682.0    
band3         3     15    24530         7         2         3504.0    
band3         3     16    50255         5         2         10051.0   
band3         3     17    38212         7         2         5459.0    
band3         3     18    37749         10        2         3775.0    
band3         3     19    30821         11        2         2802.0    
band3         3     20    43959         10        2         4396.0    
band3         3     21    31213         2         2         15607.0   
band3         3     22    28329         3         2         9443.0    
band3         4     0     21151         3         2         7050.0    
band3         4     1     13720         0         2                   
band3         4     2     5553          1         2         5553.0    
band3         4     3     5828          0         2                   
band3         4     4     4835          1         2         4835.0    
band3         4     5     5815          0         2                   
band3         4     6     14127         1         2         14127.0   
band3         4     7     18782         5         2         3756.0    
band3         4     8     17733         0         2                   
band3         4     9     43266         12        2         3606.0    
band3         4     10    37790         8         2         4724.0    
band3         4     11    32447         6         2         5408.0    
band3         4     12    30206         1         2         30206.0   
band3         4     13    40144         6         2         6691.0    
band3         4     14    42102         7         2         6015.0    
band3         4     15    35224         6         2         5871.0    
band3         4     16    41065         11        2         3733.0    
band3         4     17    49691         6         2         8282.0    
band3         4     18    35299         6         2         5883.0    
band3         4     19    28633         5         2         5727.0    
band3         4     20    30959         3         2         10320.0   
band3         4     21    39240         10        2         3924.0    
band3         4     22    39559         4         2         9890.0    
band3         5     0     21791         5         2         4358.0    
band3         5     1     11502         2         2         5751.0    
band3         5     2     11299         3         2         3766.0    
band3         5     3     4424          1         2         4424.0    
band3         5     4     5130          3         2         1710.0    
band3         5     5     3003          2         2         1502.0    
band3         5     6     9667          1         2         9667.0    
band3         5     7     15617         3         2         5206.0    
band3         5     8     11998         3         2         3999.0    
band3         5     9     25921         6         2         4320.0    
band3         5     10    22730         5         2         4546.0    
band3         5     11    32591         3         2         10864.0   
band3         5     12    29138         9         2         3238.0    
band3         5     13    28638         8         2         3580.0    
band3         5     14    37845         10        2         3785.0    
band3         5     15    38089         4         2         9522.0    
band3         5     16    32031         4         2         8008.0    
band3         5     17    31588         9         2         3510.0    
band3         5     18    20451         0         2                   
band3         5     19    43665         7         2         6238.0    
band3         5     20    31958         2         2         15979.0   
band3         5     21    25656         5         2         5131.0    
band3         5     22    35110         9         2         3901.0    
band3         6     0     24290         4         2         6073.0    
band3         6     1     7212          1         2         7212.0    
band3         6     2     5912          0         2                   
band3         6     3     1220          0         2                   
band3         6     4     6384          0         2                   
band3         6     5     2014          0         2                   
band3         6     6     4485          1         2         4485.0    
band3         6     7     9195          1         2         9195.0    
band3         6     8     23944         3         2         7981.0    
band3         6     9     18145         2         2         9073.0    
band3         6     10    18967         3         2         6322.0    
band3         6     11    20248         3         2         6749.0    
band3         6     12    41409         11        2         3764.0    
band3         6     13    30865         7         2         4409.0    
band3         6     14    37033         5         2         7407.0    
band3         6     15    42823         4         2         10706.0   
band3         6     16    39039         7         2         5577.0    
band3         6     17    27712         6         2         4619.0    
band3         6     18    35299         7         2         5043.0    
band3         6     19    17061         7         2         2437.0    
band3         6     20    29795         4         2         7449.0    
band3         6     21    23902         4         2         5976.0    
band3         6     22    36568         6         2         6095.0    
