band          wd    hour  cost_sum      conv_sum  n_days    cpa       
------------  ----  ----  ------------  --------  --------  ----------
band3         0     0     45899         15        6         3060.0    
band3         0     1     41270         2         6         20635.0   
band3         0     2     19792         3         6         6597.0    
band3         0     3     13128         3         6         4376.0    
band3         0     4     4683          0         6                   
band3         0     5     18910         4         6         4728.0    
band3         0     6     23167         2         6         11584.0   
band3         0     7     41671         8         6         5209.0    
band3         0     8     55781         10        6         5578.0    
band3         0     9     74082         7         6         10583.0   
band3         0     10    63020         15        6         4201.0    
band3         0     11    72486         6         6         12081.0   
band3         0     12    73599         8         6         9200.0    
band3         0     13    90241         9         6         10027.0   
band3         0     14    91105         12        6         7592.0    
band3         0     15    83837         23        6         3645.0    
band3         0     16    131919        7         6         18846.0   
band3         0     17    98556         11        6         8960.0    
band3         0     18    105641        15        6         7043.0    
band3         0     19    118737        11        6         10794.0   
band3         0     20    112645        14        6         8046.0    
band3         0     21    109517        16        6         6845.0    
band3         0     22    109285        18        6         6071.0    
band3         0     23    78868         6         6         13145.0   
band3         1     0     56422         5         5         11284.0   
band3         1     1     44163         5         5         8833.0    
band3         1     2     38682         4         5         9671.0    
band3         1     3     27899         1         5         27899.0   
band3         1     4     12363         0         5                   
band3         1     5     16840         1         5         16840.0   
band3         1     6     47284         7         5         6755.0    
band3         1     7     67100         8         5         8388.0    
band3         1     8     103947        14        5         7425.0    
band3         1     9     59596         7         5         8514.0    
band3         1     10    69187         12        5         5766.0    
band3         1     11    74177         13        5         5706.0    
band3         1     12    85712         10        5         8571.0    
band3         1     13    111480        16        5         6968.0    
band3         1     14    106134        30        5         3538.0    
band3         1     15    87965         17        5         5174.0    
band3         1     16    93924         17        5         5525.0    
band3         1     17    63832         11        5         5803.0    
band3         1     18    68912         12        5         5743.0    
band3         1     19    84630         8         5         10579.0   
band3         1     20    93194         23        5         4052.0    
band3         1     21    80255         7         5         11465.0   
band3         1     22    46125         9         5         5125.0    
band3         1     23    47432         11        5         4312.0    
band3         2     0     34707         4         4         8677.0    
band3         2     1     10768         2         4         5384.0    
band3         2     2     14106         1         4         14106.0   
band3         2     3     10148         2         4         5074.0    
band3         2     4     11170         0         4                   
band3         2     5     11948         2         5         5974.0    
band3         2     6     19707         2         4         9854.0    
band3         2     7     34977         6         4         5830.0    
band3         2     8     51584         5         4         10317.0   
band3         2     9     54640         8         5         6830.0    
band3         2     10    63459         12        5         5288.0    
band3         2     11    145910        12        5         12159.0   
band3         2     12    121196        14        5         8657.0    
band3         2     13    140594        17        5         8270.0    
band3         2     14    173919        19        5         9154.0    
band3         2     15    157925        19        5         8312.0    
band3         2     16    106715        18        5         5929.0    
band3         2     17    75578         7         5         10797.0   
band3         2     18    72919         11        5         6629.0    
band3         2     19    59500         7         5         8500.0    
band3         2     20    87917         12        5         7326.0    
band3         2     21    82898         8         5         10362.0   
band3         2     22    93841         13        5         7219.0    
band3         2     23    64646         3         4         21549.0   
band3         3     0     40246         5         5         8049.0    
band3         3     1     31793         1         5         31793.0   
band3         3     2     16337         6         5         2723.0    
band3         3     3     14503         1         5         14503.0   
band3         3     4     11016         0         5                   
band3         3     5     23988         0         5                   
band3         3     6     21935         9         5         2437.0    
band3         3     7     46656         5         5         9331.0    
band3         3     8     68588         13        5         5276.0    
band3         3     9     56196         5         5         11239.0   
band3         3     10    71957         10        5         7196.0    
band3         3     11    52242         7         5         7463.0    
band3         3     12    53254         6         5         8876.0    
band3         3     13    78211         7         5         11173.0   
band3         3     14    65877         14        5         4706.0    
band3         3     15    57319         12        5         4777.0    
band3         3     16    89588         8         5         11199.0   
band3         3     17    61824         10        5         6182.0    
band3         3     18    72528         14        5         5181.0    
band3         3     19    67862         15        5         4524.0    
band3         3     20    93292         16        5         5831.0    
band3         3     21    83796         8         5         10475.0   
band3         3     22    66790         7         5         9541.0    
band3         3     23    90777         22        5         4126.0    
band3         4     0     50037         7         5         7148.0    
band3         4     1     36941         1         5         36941.0   
band3         4     2     10134         2         5         5067.0    
band3         4     3     10394         1         5         10394.0   
band3         4     4     11026         2         5         5513.0    
band3         4     5     9482          1         5         9482.0    
band3         4     6     23539         3         5         7846.0    
band3         4     7     31451         7         5         4493.0    
band3         4     8     45180         4         5         11295.0   
band3         4     9     67599         14        5         4829.0    
band3         4     10    67721         8         5         8465.0    
band3         4     11    58124         11        5         5284.0    
band3         4     12    60428         2         5         30214.0   
band3         4     13    69102         6         5         11517.0   
band3         4     14    85668         10        5         8567.0    
band3         4     15    62589         9         5         6954.0    
band3         4     16    89401         16        5         5588.0    
band3         4     17    86008         10        5         8601.0    
band3         4     18    71915         7         5         10274.0   
band3         4     19    97727         13        5         7517.0    
band3         4     20    92862         11        5         8442.0    
band3         4     21    82314         19        5         4332.0    
band3         4     22    107464        17        5         6321.0    
band3         4     23    74242         15        5         4949.0    
band3         5     0     63107         8         6         7888.0    
band3         5     1     37244         6         6         6207.0    
band3         5     2     22534         7         6         3219.0    
band3         5     3     12128         2         6         6064.0    
band3         5     4     8824          3         6         2941.0    
band3         5     5     11539         2         6         5770.0    
band3         5     6     28678         2         6         14339.0   
band3         5     7     38793         10        6         3879.0    
band3         5     8     43788         5         6         8758.0    
band3         5     9     51078         9         6         5675.0    
band3         5     10    53486         10        6         5349.0    
band3         5     11    80009         9         6         8890.0    
band3         5     12    75049         17        6         4415.0    
band3         5     13    95330         20        6         4767.0    
band3         5     14    89528         19        6         4712.0    
band3         5     15    95161         17        6         5598.0    
band3         5     16    82216         7         6         11745.0   
band3         5     17    71595         12        6         5966.0    
band3         5     18    76951         10        6         7695.0    
band3         5     19    91923         15        6         6128.0    
band3         5     20    65311         4         6         16328.0   
band3         5     21    68746         12        6         5729.0    
band3         5     22    72919         14        6         5209.0    
band3         5     23    67372         10        6         6737.0    
band3         6     0     60015         11        6         5456.0    
band3         6     1     22189         2         6         11095.0   
band3         6     2     11561         0         6                   
band3         6     3     13058         0         6                   
band3         6     4     10653         1         6         10653.0   
band3         6     5     8966          1         6         8966.0    
band3         6     6     15028         1         6         15028.0   
band3         6     7     29451         3         6         9817.0    
band3         6     8     56554         5         6         11311.0   
band3         6     9     58283         5         6         11657.0   
band3         6     10    48522         10        6         4852.0    
band3         6     11    70173         9         6         7797.0    
band3         6     12    80242         18        6         4458.0    
band3         6     13    82946         13        6         6380.0    
band3         6     14    78657         13        6         6051.0    
band3         6     15    97728         8         6         12216.0   
band3         6     16    87307         13        6         6716.0    
band3         6     17    71828         14        6         5131.0    
band3         6     18    85143         12        6         7095.0    
band3         6     19    58345         16        6         3647.0    
band3         6     20    84538         10        6         8454.0    
band3         6     21    89040         19        6         4686.0    
band3         6     22    97409         14        6         6958.0    
band3         6     23    68413         12        6         5701.0    
