band          wd    hour  cost_sum      conv_sum  n_days    cpa       
------------  ----  ----  ------------  --------  --------  ----------
band2         0     0     23547         10        6         2355.0    
band2         0     1     16770         1         6         16770.0   
band2         0     2     6095          0         6                   
band2         0     3     4218          0         6                   
band2         0     4     2117          1         6         2117.0    
band2         0     5     8235          1         6         8235.0    
band2         0     6     3646          0         6                   
band2         0     7     7045          2         6         3523.0    
band2         0     8     21714         0         6                   
band2         0     9     27669         5         6         5534.0    
band2         0     10    51081         6         6         8514.0    
band2         0     11    35908         5         6         7182.0    
band2         0     12    23467         5         6         4693.0    
band2         0     13    26389         3         6         8796.0    
band2         0     14    46071         9         6         5119.0    
band2         0     15    29132         9         6         3237.0    
band2         0     16    22352         3         6         7451.0    
band2         0     17    27215         4         6         6804.0    
band2         0     18    22511         2         6         11256.0   
band2         0     19    32762         7         6         4680.0    
band2         0     20    30074         6         6         5012.0    
band2         0     21    41943         11        6         3813.0    
band2         0     22    38849         9         6         4317.0    
band2         0     23    12851         1         6         12851.0   
band2         1     0     23635         2         5         11818.0   
band2         1     1     8366          2         5         4183.0    
band2         1     2     4156          0         5                   
band2         1     3     0             0         5                   
band2         1     4     6326          0         5                   
band2         1     5     1181          0         5                   
band2         1     6     5709          1         5         5709.0    
band2         1     7     17403         0         5                   
band2         1     8     9595          1         5         9595.0    
band2         1     9     14609         2         5         7305.0    
band2         1     10    20022         3         5         6674.0    
band2         1     11    28766         3         5         9589.0    
band2         1     12    26315         6         5         4386.0    
band2         1     13    13595         2         5         6798.0    
band2         1     14    25539         6         5         4257.0    
band2         1     15    25201         1         5         25201.0   
band2         1     16    35131         3         5         11710.0   
band2         1     17    11245         2         5         5623.0    
band2         1     18    31206         4         5         7802.0    
band2         1     19    15500         1         5         15500.0   
band2         1     20    23549         2         5         11775.0   
band2         1     21    25025         5         5         5005.0    
band2         1     22    20368         3         4         6789.0    
band2         1     23    15954         2         4         7977.0    
band2         2     0     15986         3         4         5329.0    
band2         2     1     616           2         4         308.0     
band2         2     2     5697          0         4                   
band2         2     3     5835          0         4                   
band2         2     4     0             0         4                   
band2         2     5     3962          0         4                   
band2         2     6     9152          1         4         9152.0    
band2         2     7     15766         2         4         7883.0    
band2         2     8     16518         6         4         2753.0    
band2         2     9     33182         8         5         4148.0    
band2         2     10    21803         3         5         7268.0    
band2         2     11    23913         3         5         7971.0    
band2         2     12    11470         3         5         3823.0    
band2         2     13    18862         1         5         18862.0   
band2         2     14    27702         6         5         4617.0    
band2         2     15    19505         5         5         3901.0    
band2         2     16    27091         6         5         4515.0    
band2         2     17    21764         3         5         7255.0    
band2         2     18    27001         7         5         3857.0    
band2         2     19    17357         4         5         4339.0    
band2         2     20    33961         6         5         5660.0    
band2         2     21    11286         4         5         2822.0    
band2         2     22    21836         1         5         21836.0   
band2         2     23    21633         0         4                   
band2         3     0     16566         2         4         8283.0    
band2         3     1     6067          1         5         6067.0    
band2         3     2     3489          1         5         3489.0    
band2         3     3     8288          0         5                   
band2         3     4     1704          0         5                   
band2         3     5     5002          2         5         2501.0    
band2         3     6     5786          0         5                   
band2         3     7     7230          1         5         7230.0    
band2         3     8     20474         0         5                   
band2         3     9     30811         4         5         7703.0    
band2         3     10    28611         3         5         9537.0    
band2         3     11    16232         3         5         5411.0    
band2         3     12    16479         3         5         5493.0    
band2         3     13    29535         6         5         4923.0    
band2         3     14    42573         4         5         10643.0   
band2         3     15    16986         2         5         8493.0    
band2         3     16    17625         2         5         8813.0    
band2         3     17    22863         3         5         7621.0    
band2         3     18    29918         3         5         9973.0    
band2         3     19    30660         10        5         3066.0    
band2         3     20    25793         2         5         12897.0   
band2         3     21    20886         1         5         20886.0   
band2         3     22    28090         1         5         28090.0   
band2         3     23    24807         3         5         8269.0    
band2         4     0     16420         2         5         8210.0    
band2         4     1     3658          0         5                   
band2         4     2     1270          3         5         423.0     
band2         4     3     5110          0         5                   
band2         4     4     0             0         5                   
band2         4     5     3748          0         5                   
band2         4     6     3341          0         5                   
band2         4     7     7720          2         5         3860.0    
band2         4     8     12650         2         5         6325.0    
band2         4     9     19299         2         5         9650.0    
band2         4     10    32990         6         5         5498.0    
band2         4     11    19842         2         5         9921.0    
band2         4     12    10399         0         5                   
band2         4     13    30316         3         5         10105.0   
band2         4     14    24662         3         5         8221.0    
band2         4     15    22065         5         5         4413.0    
band2         4     16    25905         6         5         4318.0    
band2         4     17    24339         3         5         8113.0    
band2         4     18    28185         7         5         4026.0    
band2         4     19    22043         4         5         5511.0    
band2         4     20    24087         5         5         4817.0    
band2         4     21    25168         4         5         6292.0    
band2         4     22    23488         0         5                   
band2         4     23    9941          0         5                   
band2         5     0     18187         1         6         18187.0   
band2         5     1     13475         2         6         6738.0    
band2         5     2     7010          0         6                   
band2         5     3     1516          0         6                   
band2         5     4     4760          0         6                   
band2         5     5     3363          0         6                   
band2         5     6     11469         0         6                   
band2         5     7     13445         3         6         4482.0    
band2         5     8     22741         5         6         4548.0    
band2         5     9     23470         0         6                   
band2         5     10    26648         3         6         8883.0    
band2         5     11    13728         2         6         6864.0    
band2         5     12    22196         6         6         3699.0    
band2         5     13    33710         2         6         16855.0   
band2         5     14    40990         12        6         3416.0    
band2         5     15    18691         4         6         4673.0    
band2         5     16    17647         4         6         4412.0    
band2         5     17    13783         2         6         6892.0    
band2         5     18    31066         7         6         4438.0    
band2         5     19    22777         8         6         2847.0    
band2         5     20    33561         7         6         4794.0    
band2         5     21    21998         1         6         21998.0   
band2         5     22    20829         2         6         10415.0   
band2         5     23    13135         1         6         13135.0   
band2         6     0     25421         4         6         6355.0    
band2         6     1     17431         6         6         2905.0    
band2         6     2     3467          0         6                   
band2         6     3     1704          0         6                   
band2         6     4     1506          0         6                   
band2         6     5     1911          0         6                   
band2         6     6     11640         0         6                   
band2         6     7     11792         5         6         2358.0    
band2         6     8     16584         1         6         16584.0   
band2         6     9     17598         2         6         8799.0    
band2         6     10    21352         3         6         7117.0    
band2         6     11    35786         7         6         5112.0    
band2         6     12    45869         5         6         9174.0    
band2         6     13    42330         3         6         14110.0   
band2         6     14    46363         7         6         6623.0    
band2         6     15    32105         7         6         4586.0    
band2         6     16    23635         4         6         5909.0    
band2         6     17    31007         8         6         3876.0    
band2         6     18    25135         2         6         12568.0   
band2         6     19    22731         0         6                   
band2         6     20    42260         10        6         4226.0    
band2         6     21    26433         6         6         4406.0    
band2         6     22    27885         8         6         3486.0    
band2         6     23    27176         6         6         4529.0    
