0     0     116262        36        6         3230.0    
0     1     73547         10        6         7355.0    
0     2     42233         3         6         14078.0   
0     3     23618         3         6         7873.0    
0     4     14180         2         6         7090.0    
0     5     31378         5         6         6276.0    
0     6     49150         9         6         5461.0    
0     7     80381         21        6         3828.0    
0     8     127861        18        6         7103.0    
0     9     164118        24        6         6838.0    
0     10    204209        34        6         6006.0    
0     11    173656        26        6         6679.0    
0     12    189588        37        6         5124.0    
0     13    220505        36        6         6125.0    
0     14    240676        43        6         5597.0    
0     15    194371        44        6         4418.0    
0     16    253565        25        6         10143.0   
0     17    195941        24        6         8164.0    
0     18    200711        30        6         6690.0    
0     19    230400        33        6         6982.0    
0     20    239450        41        6         5840.0    
0     21    250559        50        6         5011.0    
0     22    230994        45        6         5133.0    
0     23    160470        22        6         7294.0    
1     0     117152        14        5         8368.0    
1     1     72093         8         5         9012.0    
1     2     48481         5         5         9696.0    
1     3     34261         3         5         11420.0   
1     4     22158         2         5         11079.0   
1     5     21676         2         5         10838.0   
1     6     77092         12        5         6424.0    
1     7     112807        13        5         8677.0    
1     8     162240        24        5         6760.0    
1     9     138088        16        5         8631.0    
1     10    151503        30        5         5050.0    
1     11    168876        33        5         5117.0    
1     12    165685        22        5         7531.0    
1     13    171256        24        5         7136.0    
1     14    200981        47        5         4276.0    
1     15    178831        26        5         6878.0    
1     16    199918        34        5         5880.0    
1     17    148119        23        5         6440.0    
1     18    143739        23        5         6250.0    
1     19    161144        24        5         6714.0    
1     20    191443        43        5         4452.0    
1     21    178221        24        5         7426.0    
1     22    117968        17        5         6939.0    
1     23    108767        22        5         4944.0    
2     0     89716         13        4         6901.0    
2     1     20554         4         4         5139.0    
2     2     30449         1         4         30449.0   
2     3     24117         2         4         12059.0   
2     4     21519         0         4                   
2     5     22839         3         5         7613.0    
2     6     34154         4         4         8539.0    
2     7     83911         17        4         4936.0    
2     8     113292        16        4         7081.0    
2     9     117879        22        5         5358.0    
2     10    143831        27        5         5327.0    
2     11    233586        29        5         8055.0    
2     12    195717        32        5         6116.0    
2     13    215686        26        5         8296.0    
2     14    272988        43        5         6349.0    
2     15    253577        39        5         6502.0    
2     16    176840        35        5         5053.0    
2     17    156412        29        5         5394.0    
2     18    157245        27        5         5824.0    
2     19    116784        20        5         5839.0    
2     20    166186        29        5         5731.0    
2     21    172965        27        5         6406.0    
2     22    168459        23        5         7324.0    
2     23    134713        8         4         16839.0   
3     0     88848         12        5         7404.0    
3     1     57713         7         5         8245.0    
3     2     34760         8         5         4345.0    
3     3     24281         1         5         24281.0   
3     4     21316         1         5         21316.0   
3     5     39630         3         5         13210.0   
3     6     37117         10        5         3712.0    
3     7     92679         13        5         7129.0    
3     8     134680        25        5         5387.0    
3     9     160837        30        5         5361.0    
3     10    163484        29        5         5637.0    
3     11    129652        15        5         8643.0    
3     12    112331        16        5         7021.0    
3     13    163840        28        5         5851.0    
3     14    174270        29        5         6009.0    
3     15    133424        21        5         6354.0    
3     16    175200        21        5         8343.0    
3     17    163485        29        5         5637.0    
3     18    143585        25        5         5743.0    
3     19    160791        35        5         4594.0    
3     20    181744        23        5         7902.0    
3     21    170232        21        5         8106.0    
3     22    156710        17        5         9218.0    
3     23    168927        33        5         5119.0    
4     0     98691         13        5         7592.0    
4     1     60432         6         5         10072.0   
4     2     23386         6         5         3898.0    
4     3     20510         1         5         20510.0   
4     4     19323         3         5         6441.0    
4     5     21679         2         5         10840.0   
4     6     49378         7         5         7054.0    
4     7     82277         16        5         5142.0    
4     8     100207        8         5         12526.0   
4     9     124801        23        5         5426.0    
4     10    168062        25        5         6722.0    
4     11    128826        15        5         8588.0    
4     12    140528        10        5         14053.0   
4     13    148872        18        5         8271.0    
4     14    155716        16        5         9732.0    
4     15    155420        26        5         5978.0    
4     16    176106        29        5         6073.0    
4     17    154896        26        5         5958.0    
4     18    138571        19        5         7293.0    
4     19    161617        24        5         6734.0    
4     20    179954        28        5         6427.0    
4     21    174718        32        5         5460.0    
4     22    182400        23        5         7930.0    
4     23    145585        21        5         6933.0    
5     0     123702        16        6         7731.0    
5     1     70115         12        6         5843.0    
5     2     47417         9         6         5269.0    
5     3     21644         2         6         10822.0   
5     4     18907         3         6         6302.0    
5     5     24222         3         6         8074.0    
5     6     58818         8         6         7352.0    
5     7     90588         17        6         5329.0    
5     8     115291        21        6         5490.0    
5     9     125284        18        6         6960.0    
5     10    168341        27        6         6235.0    
5     11    165298        15        6         11020.0   
5     12    155993        32        6         4875.0    
5     13    203549        30        6         6785.0    
5     14    201022        37        6         5433.0    
5     15    168193        28        6         6007.0    
5     16    173212        21        6         8248.0    
5     17    166418        26        6         6401.0    
5     18    160379        23        6         6973.0    
5     19    181693        29        6         6265.0    
5     20    168938        17        6         9938.0    
5     21    164945        27        6         6109.0    
5     22    144430        31        6         4659.0    
5     23    144903        24        6         6038.0    
6     0     126121        33        6         3822.0    
6     1     68522         10        6         6852.0    
6     2     28559         3         6         9520.0    
6     3     24143         3         6         8048.0    
6     4     20951         1         6         20951.0   
6     5     20862         4         6         5216.0    
6     6     38028         3         6         12676.0   
6     7     66353         12        6         5529.0    
6     8     105386        8         6         13173.0   
6     9     127247        17        6         7485.0    
6     10    142425        27        6         5275.0    
6     11    184058        27        6         6817.0    
6     12    168016        31        6         5420.0    
6     13    178176        25        6         7127.0    
6     14    193050        32        6         6033.0    
6     15    220713        31        6         7120.0    
6     16    182651        27        6         6765.0    
6     17    197890        33        6         5997.0    
6     18    161356        19        6         8492.0    
6     19    142401        29        6         4910.0    
6     20    208221        31        6         6717.0    
6     21    219538        37        6         5933.0    
6     22    200173        39        6         5133.0    
6     23    176297        43        6         4100.0    
