band          wd    hour  cost_sum      conv_sum  n_days    cpa       
------------  ----  ----  ------------  --------  --------  ----------
band2         0     0     10684         3         2         3561.0    
band2         0     1     7531          1         2         7531.0    
band2         0     2     0             0         2                   
band2         0     3     1921          0         2                   
band2         0     4     0             0         2                   
band2         0     5     0             0         2                   
band2         0     6     0             0         2                   
band2         0     7     0             0         2                   
band2         0     8     3835          0         2                   
band2         0     9     4569          2         2         2285.0    
band2         0     10    14685         4         2         3671.0    
band2         0     11    7859          3         2         2620.0    
band2         0     12    11406         4         2         2852.0    
band2         0     13    3911          1         2         3911.0    
band2         0     14    18470         5         2         3694.0    
band2         0     15    12514         2         2         6257.0    
band2         0     16    6972          2         2         3486.0    
band2         0     17    8511          2         2         4256.0    
band2         0     18    12457         0         2                   
band2         0     19    6686          0         2                   
band2         0     20    12997         2         2         6499.0    
band2         0     21    15390         1         2         15390.0   
band2         0     22    12274         2         2         6137.0    
band2         1     0     6228          2         2         3114.0    
band2         1     1     0             0         2                   
band2         1     2     0             0         2                   
band2         1     3     0             0         2                   
band2         1     4     2798          0         2                   
band2         1     5     0             0         2                   
band2         1     6     5709          1         2         5709.0    
band2         1     7     6343          0         2                   
band2         1     8     5058          1         2         5058.0    
band2         1     9     9320          0         2                   
band2         1     10    8031          0         2                   
band2         1     11    14930         1         2         14930.0   
band2         1     12    8426          3         2         2809.0    
band2         1     13    3846          0         2                   
band2         1     14    9372          2         2         4686.0    
band2         1     15    5453          0         2                   
band2         1     16    10613         1         2         10613.0   
band2         1     17    3118          2         2         1559.0    
band2         1     18    14338         4         2         3585.0    
band2         1     19    4446          1         2         4446.0    
band2         1     20    17156         2         2         8578.0    
band2         1     21    6197          3         2         2066.0    
band2         1     22    6574          2         1         3287.0    
band2         2     0     3339          1         1         3339.0    
band2         2     1     616           2         1         308.0     
band2         2     2     0             0         1                   
band2         2     3     1479          0         1                   
band2         2     4     0             0         1                   
band2         2     5     0             0         1                   
band2         2     6     6732          1         1         6732.0    
band2         2     7     1021          1         1         1021.0    
band2         2     8     1446          0         1                   
band2         2     9     8491          5         2         1698.0    
band2         2     10    6754          1         2         6754.0    
band2         2     11    11965         2         2         5983.0    
band2         2     12    2071          1         2         2071.0    
band2         2     13    5149          0         2                   
band2         2     14    19718         3         2         6573.0    
band2         2     15    10263         3         2         3421.0    
band2         2     16    10937         3         2         3646.0    
band2         2     17    8002          3         2         2667.0    
band2         2     18    11219         5         2         2244.0    
band2         2     19    4424          0         2                   
band2         2     20    7824          1         2         7824.0    
band2         2     21    0             0         2                   
band2         2     22    0             1         2         0.0       
band2         3     0     2898          0         1                   
band2         3     1     1739          1         2         1739.0    
band2         3     2     0             0         2                   
band2         3     3     8288          0         2                   
band2         3     4     0             0         2                   
band2         3     5     5002          2         2         2501.0    
band2         3     6     576           0         2                   
band2         3     7     3715          0         2                   
band2         3     8     8411          0         2                   
band2         3     9     9220          1         2         9220.0    
band2         3     10    9426          1         2         9426.0    
band2         3     11    5800          1         2         5800.0    
band2         3     12    2956          0         2                   
band2         3     13    10845         3         2         3615.0    
band2         3     14    16691         3         2         5564.0    
band2         3     15    3293          0         2                   
band2         3     16    2974          1         2         2974.0    
band2         3     17    8851          2         2         4426.0    
band2         3     18    11644         0         2                   
band2         3     19    7568          3         2         2523.0    
band2         3     20    7339          1         2         7339.0    
band2         3     21    4990          1         2         4990.0    
band2         3     22    5696          0         2                   
band2         4     0     11099         2         2         5550.0    
band2         4     1     1026          0         2                   
band2         4     2     0             0         2                   
band2         4     3     0             0         2                   
band2         4     4     0             0         2                   
band2         4     5     0             0         2                   
band2         4     6     1784          0         2                   
band2         4     7     4807          2         2         2404.0    
band2         4     8     4132          1         2         4132.0    
band2         4     9     4102          1         2         4102.0    
band2         4     10    12116         2         2         6058.0    
band2         4     11    4789          2         2         2395.0    
band2         4     12    3540          0         2                   
band2         4     13    15601         3         2         5200.0    
band2         4     14    12088         2         2         6044.0    
band2         4     15    17327         3         2         5776.0    
band2         4     16    12612         3         2         4204.0    
band2         4     17    11859         2         2         5930.0    
band2         4     18    10910         4         2         2728.0    
band2         4     19    11865         1         2         11865.0   
band2         4     20    13735         4         2         3434.0    
band2         4     21    8627          2         2         4314.0    
band2         4     22    9271          0         2                   
band2         5     0     1917          0         2                   
band2         5     1     10072         2         2         5036.0    
band2         5     2     4154          0         2                   
band2         5     3     0             0         2                   
band2         5     4     2083          0         2                   
band2         5     5     0             0         2                   
band2         5     6     6998          0         2                   
band2         5     7     2677          0         2                   
band2         5     8     3582          0         2                   
band2         5     9     4684          0         2                   
band2         5     10    7128          2         2         3564.0    
band2         5     11    3650          1         2         3650.0    
band2         5     12    5917          3         2         1972.0    
band2         5     13    10017         1         2         10017.0   
band2         5     14    17797         5         2         3559.0    
band2         5     15    2275          0         2                   
band2         5     16    8113          2         2         4057.0    
band2         5     17    4038          1         2         4038.0    
band2         5     18    3244          3         2         1081.0    
band2         5     19    4903          6         2         817.0     
band2         5     20    15652         3         2         5217.0    
band2         5     21    5936          1         2         5936.0    
band2         5     22    12424         1         2         12424.0   
band2         6     0     6201          0         2                   
band2         6     1     5592          4         2         1398.0    
band2         6     2     2082          0         2                   
band2         6     3     0             0         2                   
band2         6     4     1506          0         2                   
band2         6     5     1911          0         2                   
band2         6     6     1925          0         2                   
band2         6     7     1144          1         2         1144.0    
band2         6     8     3743          1         2         3743.0    
band2         6     9     7279          2         2         3640.0    
band2         6     10    7931          1         2         7931.0    
band2         6     11    13089         2         2         6545.0    
band2         6     12    17061         2         2         8531.0    
band2         6     13    10908         3         2         3636.0    
band2         6     14    17265         2         2         8633.0    
band2         6     15    12317         3         2         4106.0    
band2         6     16    4019          1         2         4019.0    
band2         6     17    12010         4         2         3003.0    
band2         6     18    7456          0         2                   
band2         6     19    7871          0         2                   
band2         6     20    16796         4         2         4199.0    
band2         6     21    9359          4         2         2340.0    
band2         6     22    9639          2         2         4820.0    
