0     0     83432         27        4         3090.0    
0     1     61514         10        4         6151.0    
0     2     27632         3         4         9211.0    
0     3     17043         1         4         17043.0   
0     4     8932          2         4         4466.0    
0     5     23950         5         4         4790.0    
0     6     31861         9         4         3540.0    
0     7     63877         18        4         3549.0    
0     8     78248         13        4         6019.0    
0     9     116172        17        4         6834.0    
0     10    137752        30        4         4592.0    
0     11    98119         24        4         4088.0    
0     12    126465        29        4         4361.0    
0     13    152651        29        4         5264.0    
0     14    162176        37        4         4383.0    
0     15    129045        41        4         3147.0    
0     16    176315        19        4         9280.0    
0     17    142588        20        4         7129.0    
0     18    155525        25        4         6221.0    
0     19    177842        32        4         5558.0    
0     20    179754        38        4         4730.0    
0     21    175739        45        4         3905.0    
0     22    175204        43        4         4075.0    
0     23    118168        18        4         6565.0    
1     0     97965         14        4         6998.0    
1     1     61279         8         4         7660.0    
1     2     47399         5         4         9480.0    
1     3     32508         3         4         10836.0   
1     4     14603         2         4         7302.0    
1     5     19672         2         4         9836.0    
1     6     69338         12        4         5778.0    
1     7     92510         13        4         7116.0    
1     8     136963        24        4         5707.0    
1     9     107176        16        4         6699.0    
1     10    123254        30        4         4108.0    
1     11    140069        33        4         4245.0    
1     12    133905        22        4         6087.0    
1     13    136631        24        4         5693.0    
1     14    162416        47        4         3456.0    
1     15    149550        26        4         5752.0    
1     16    157482        34        4         4632.0    
1     17    111295        23        4         4839.0    
1     18    119431        23        4         5193.0    
1     19    127471        24        4         5311.0    
1     20    151422        43        4         3521.0    
1     21    126766        24        4         5282.0    
1     22    86475         17        4         5087.0    
1     23    86017         22        4         3910.0    
2     0     62670         13        3         4821.0    
2     1     12143         4         3         3036.0    
2     2     20722         1         3         20722.0   
2     3     15955         2         3         7978.0    
2     4     6107          0         3                   
2     5     16443         3         4         5481.0    
2     6     24025         4         3         6006.0    
2     7     64958         17        3         3821.0    
2     8     81672         16        3         5105.0    
2     9     91235         22        4         4147.0    
2     10    121127        27        4         4486.0    
2     11    187756        29        4         6474.0    
2     12    158973        32        4         4968.0    
2     13    190243        26        4         7317.0    
2     14    233475        43        4         5430.0    
2     15    214042        39        4         5488.0    
2     16    137171        35        4         3919.0    
2     17    120377        29        4         4151.0    
2     18    129816        27        4         4808.0    
2     19    96675         20        4         4834.0    
2     20    126242        29        4         4353.0    
2     21    136435        27        4         5053.0    
2     22    125135        23        4         5441.0    
2     23    98375         8         3         12297.0   
3     0     54589         12        4         4549.0    
3     1     43316         7         4         6188.0    
3     2     28434         8         4         3554.0    
3     3     21744         1         4         21744.0   
3     4     18518         1         4         18518.0   
3     5     28704         3         4         9568.0    
3     6     30581         10        4         3058.0    
3     7     68067         13        4         5236.0    
3     8     108071        25        4         4323.0    
3     9     130972        30        4         4366.0    
3     10    132898        29        4         4583.0    
3     11    98687         15        4         6579.0    
3     12    86608         16        4         5413.0    
3     13    138833        28        4         4958.0    
3     14    135599        29        4         4676.0    
3     15    117347        21        4         5588.0    
3     16    155532        21        4         7406.0    
3     17    153326        29        4         5287.0    
3     18    121439        25        4         4858.0    
3     19    137472        35        4         3928.0    
3     20    156152        23        4         6789.0    
3     21    148409        21        4         7067.0    
3     22    133758        17        4         7868.0    
3     23    151925        33        4         4604.0    
4     0     89689         13        4         6899.0    
4     1     49779         6         4         8297.0    
4     2     18937         6         4         3156.0    
4     3     18897         1         4         18897.0   
4     4     15077         3         4         5026.0    
4     5     15628         2         4         7814.0    
4     6     45494         7         4         6499.0    
4     7     73233         16        4         4577.0    
4     8     85015         8         4         10627.0   
4     9     114596        23        4         4982.0    
4     10    144389        25        4         5776.0    
4     11    105246        15        4         7016.0    
4     12    116827        10        4         11683.0   
4     13    122651        18        4         6814.0    
4     14    133002        16        4         8313.0    
4     15    122921        26        4         4728.0    
4     16    141855        29        4         4892.0    
4     17    124371        26        4         4784.0    
4     18    107615        19        4         5664.0    
4     19    129861        24        4         5411.0    
4     20    144591        28        4         5164.0    
4     21    142511        32        4         4453.0    
4     22    157932        23        4         6867.0    
4     23    116036        21        4         5526.0    
5     0     92390         16        4         5774.0    
5     1     53849         12        4         4487.0    
5     2     38506         8         4         4813.0    
5     3     13282         2         4         6641.0    
5     4     16230         3         4         5410.0    
5     5     19474         3         4         6491.0    
5     6     49101         4         4         12275.0   
5     7     73780         17        4         4340.0    
5     8     83591         21        4         3981.0    
5     9     88401         15        4         5893.0    
5     10    115321        25        4         4613.0    
5     11    99893         14        4         7135.0    
5     12    103917        22        4         4724.0    
5     13    134268        21        4         6394.0    
5     14    145840        29        4         5029.0    
5     15    120128        22        4         5460.0    
5     16    118103        17        4         6947.0    
5     17    109605        23        4         4765.0    
5     18    105761        18        4         5876.0    
5     19    114400        26        4         4400.0    
5     20    104734        15        4         6982.0    
5     21    102315        23        4         4448.0    
5     22    110615        25        4         4425.0    
5     23    88218         19        4         4643.0    
6     0     88734         21        4         4225.0    
6     1     54039         10        4         5404.0    
6     2     23854         3         4         7951.0    
6     3     15666         2         4         7833.0    
6     4     16835         1         4         16835.0   
6     5     20862         4         4         5216.0    
6     6     32129         3         4         10710.0   
6     7     53194         12        4         4433.0    
6     8     82099         8         4         10262.0   
6     9     90619         15        4         6041.0    
6     10    96503         24        4         4021.0    
6     11    117886        23        4         5125.0    
6     12    123892        28        4         4425.0    
6     13    119879        22        4         5449.0    
6     14    134917        24        4         5622.0    
6     15    165432        29        4         5705.0    
6     16    130303        26        4         5012.0    
6     17    129109        26        4         4966.0    
6     18    107214        15        4         7148.0    
6     19    93820         26        4         3608.0    
6     20    154509        26        4         5943.0    
6     21    134737        27        4         4990.0    
6     22    124437        28        4         4444.0    
6     23    126929        36        4         3526.0    
