band          wd    hour  cost_sum      conv_sum  n_days    cpa       
------------  ----  ----  ------------  --------  --------  ----------
band1         0     0     12551         7         2         1793.0    
band1         0     1     8694          3         2         2898.0    
band1         0     2     2159          0         2                   
band1         0     3     1728          0         2                   
band1         0     4     2402          1         2         2402.0    
band1         0     5     0             0         2                   
band1         0     6     6635          2         2         3318.0    
band1         0     7     8579          5         2         1716.0    
band1         0     8     9064          2         2         4532.0    
band1         0     9     11060         2         2         5530.0    
band1         0     10    26867         9         2         2985.0    
band1         0     11    18437         10        2         1844.0    
band1         0     12    25197         12        2         2100.0    
band1         0     13    30349         11        2         2759.0    
band1         0     14    29251         12        2         2438.0    
band1         0     15    26189         4         2         6547.0    
band1         0     16    26585         7         2         3798.0    
band1         0     17    23715         2         2         11858.0   
band1         0     18    17965         5         2         3593.0    
band1         0     19    32743         9         2         3638.0    
band1         0     20    29594         13        2         2276.0    
band1         0     21    36548         12        2         3046.0    
band1         0     22    21460         7         2         3066.0    
band1         1     0     13908         4         2         3477.0    
band1         1     1     3945          1         2         3945.0    
band1         1     2     3646          0         2                   
band1         1     3     4423          2         2         2212.0    
band1         1     4     1623          2         2         812.0     
band1         1     5     2293          1         2         2293.0    
band1         1     6     5865          3         2         1955.0    
band1         1     7     11934         3         2         3978.0    
band1         1     8     20547         4         2         5137.0    
band1         1     9     19006         3         2         6335.0    
band1         1     10    30511         7         2         4359.0    
band1         1     11    32661         10        2         3266.0    
band1         1     12    28124         2         2         14062.0   
band1         1     13    13176         3         2         4392.0    
band1         1     14    29355         6         2         4893.0    
band1         1     15    26785         7         2         3826.0    
band1         1     16    27902         2         2         13951.0   
band1         1     17    27292         3         2         9097.0    
band1         1     18    14591         3         2         4864.0    
band1         1     19    16067         4         2         4017.0    
band1         1     20    34528         12        2         2877.0    
band1         1     21    18688         3         2         6229.0    
band1         1     22    8507          3         2         2836.0    
band1         2     0     7734          2         1         3867.0    
band1         2     1     2735          0         1                   
band1         2     2     2178          0         1                   
band1         2     3     0             0         1                   
band1         2     4     0             0         1                   
band1         2     5     0             0         1                   
band1         2     6     0             0         1                   
band1         2     7     11250         1         1         11250.0   
band1         2     8     6835          1         1         6835.0    
band1         2     9     8938          1         2         8938.0    
band1         2     10    20512         7         2         2930.0    
band1         2     11    20020         6         2         3337.0    
band1         2     12    26690         10        2         2669.0    
band1         2     13    22037         4         2         5509.0    
band1         2     14    21809         7         2         3116.0    
band1         2     15    27114         3         2         9038.0    
band1         2     16    30444         10        2         3044.0    
band1         2     17    28570         12        2         2381.0    
band1         2     18    33494         7         2         4785.0    
band1         2     19    15380         4         2         3845.0    
band1         2     20    13302         5         2         2660.0    
band1         2     21    18536         3         2         6179.0    
band1         2     22    11786         4         1         2947.0    
band1         3     0     9502          1         2         9502.0    
band1         3     1     7146          1         2         7146.0    
band1         3     2     7407          1         2         7407.0    
band1         3     3     1490          0         2                   
band1         3     4     4440          0         2                   
band1         3     5     225           0         2                   
band1         3     6     5038          0         2                   
band1         3     7     14482         4         2         3621.0    
band1         3     8     18418         3         2         6139.0    
band1         3     9     16909         6         2         2818.0    
band1         3     10    23791         7         2         3399.0    
band1         3     11    13759         3         2         4586.0    
band1         3     12    20495         4         2         5124.0    
band1         3     13    20932         10        2         2093.0    
band1         3     14    19981         4         2         4995.0    
band1         3     15    18583         4         2         4646.0    
band1         3     16    18632         3         2         6211.0    
band1         3     17    28297         5         2         5659.0    
band1         3     18    8806          5         2         1761.0    
band1         3     19    14695         4         2         3674.0    
band1         3     20    19632         4         2         4908.0    
band1         3     21    20775         4         2         5194.0    
band1         3     22    21763         2         2         10882.0   
band1         4     0     9858          3         2         3286.0    
band1         4     1     2945          1         2         2945.0    
band1         4     2     4695          0         2                   
band1         4     3     0             0         2                   
band1         4     4     2651          1         2         2651.0    
band1         4     5     973           0         2                   
band1         4     6     13616         4         2         3404.0    
band1         4     7     13187         1         2         13187.0   
band1         4     8     16191         2         2         8096.0    
band1         4     9     14850         4         2         3713.0    
band1         4     10    22472         10        2         2247.0    
band1         4     11    14910         0         2                   
band1         4     12    21692         4         2         5423.0    
band1         4     13    18855         4         2         4714.0    
band1         4     14    19993         1         2         19993.0   
band1         4     15    32981         6         2         5497.0    
band1         4     16    13148         1         2         13148.0   
band1         4     17    13784         3         2         4595.0    
band1         4     18    14992         3         2         4997.0    
band1         4     19    9524          3         2         3175.0    
band1         4     20    17253         1         2         17253.0   
band1         4     21    30671         3         2         10224.0   
band1         4     22    15691         3         2         5230.0    
band1         5     0     19900         4         2         4975.0    
band1         5     1     5932          3         2         1977.0    
band1         5     2     7423          2         2         3712.0    
band1         5     3     2943          0         2                   
band1         5     4     2634          0         2                   
band1         5     5     1468          0         2                   
band1         5     6     7894          1         2         7894.0    
band1         5     7     10997         3         2         3666.0    
band1         5     8     13693         7         2         1956.0    
band1         5     9     15816         2         2         7908.0    
band1         5     10    15250         5         2         3050.0    
band1         5     11    17664         1         2         17664.0   
band1         5     12    18208         2         2         9104.0    
band1         5     13    13129         1         2         13129.0   
band1         5     14    21105         2         2         10553.0   
band1         5     15    11208         2         2         5604.0    
band1         5     16    17364         4         2         4341.0    
band1         5     17    18192         5         2         3638.0    
band1         5     18    19017         3         2         6339.0    
band1         5     19    17171         1         2         17171.0   
band1         5     20    14571         4         2         3643.0    
band1         5     21    25343         5         2         5069.0    
band1         5     22    14446         4         2         3612.0    
band1         6     0     12096         0         2                   
band1         6     1     10534         1         2         10534.0   
band1         6     2     6563          3         2         2188.0    
band1         6     3     1011          1         2         1011.0    
band1         6     4     1049          0         2                   
band1         6     5     6225          1         2         6225.0    
band1         6     6     4388          2         2         2194.0    
band1         6     7     13011         3         2         4337.0    
band1         6     8     9853          1         2         9853.0    
band1         6     9     16541         4         2         4135.0    
band1         6     10    25093         7         2         3585.0    
band1         6     11    29170         9         2         3241.0    
band1         6     12    9293          3         2         3098.0    
band1         6     13    16561         3         2         5520.0    
band1         6     14    22644         6         2         3774.0    
band1         6     15    31514         7         2         4502.0    
band1         6     16    18330         6         2         3055.0    
band1         6     17    29571         5         2         5914.0    
band1         6     18    12619         0         2                   
band1         6     19    21648         8         2         2706.0    
band1         6     20    34077         8         2         4260.0    
band1         6     21    26634         3         2         8878.0    
band1         6     22    22304         6         2         3717.0    
